email,subject,message
ian@test.com,YoYo,OHYEAHOHYEAH!!!
ian@test.com,YoYo,OHYEAHOHYEAH!!!
ian@test.com,YoYo,OHYEAHOHYEAH!!!
ian@test.com,YoYo,OHYEAHOHYEAH!!!
